[[  1.   0.]
 [  1.   1.]
 [  1.   2.]
 [  1.   3.]
 [  1.   4.]
 [  1.   5.]
 [  1.   6.]
 [  1.   7.]
 [  1.   8.]
 [  1.   9.]
 [  1.  10.]
 [  1.  11.]
 [  1.  12.]
 [  1.  13.]
 [  1.  14.]
 [  1.  15.]
 [  1.  16.]
 [  1.  17.]
 [  1.  18.]
 [  1.  19.]
 [  1.  20.]
 [  1.  21.]
 [  1.  22.]
 [  1.  23.]
 [  1.  24.]
 [  1.  25.]
 [  1.  26.]
 [  1.  27.]
 [  1.  28.]
 [  1.  29.]
 [  1.  30.]
 [  1.  31.]
 [  1.  32.]
 [  1.  33.]
 [  1.  34.]
 [  1.  35.]
 [  1.  36.]
 [  1.  37.]
 [  1.  38.]
 [  1.  39.]
 [  1.  40.]
 [  1.  41.]
 [  1.  42.]
 [  1.  43.]
 [  1.  44.]
 [  1.  45.]
 [  1.  46.]
 [  1.  47.]
 [  1.  48.]
 [  1.  49.]
 [  1.  50.]
 [  1.  51.]
 [  1.  52.]
 [  1.  53.]
 [  1.  54.]
 [  1.  55.]
 [  1.  56.]
 [  1.  57.]
 [  1.  58.]
 [  1.  59.]
 [  1.  60.]
 [  1.  61.]
 [  1.  62.]
 [  1.  63.]
 [  1.  64.]
 [  1.  65.]
 [  1.  66.]
 [  1.  67.]
 [  1.  68.]
 [  1.  69.]
 [  1.  70.]
 [  1.  71.]
 [  1.  72.]
 [  1.  73.]
 [  1.  74.]
 [  1.  75.]
 [  1.  76.]
 [  1.  77.]
 [  1.  78.]
 [  1.  79.]
 [  1.  80.]
 [  1.  81.]
 [  1.  82.]
 [  1.  83.]
 [  1.  84.]
 [  1.  85.]
 [  1.  86.]
 [  1.  87.]
 [  1.  88.]
 [  1.  89.]
 [  1.  90.]
 [  1.  91.]
 [  1.  92.]
 [  1.  93.]
 [  1.  94.]
 [  1.  95.]
 [  1.  96.]
 [  1.  97.]
 [  1.  98.]
 [  1.  99.]]
[  26.78281459   27.78102117   29.24988795   31.23118437   35.03293888
   39.14162568   38.09734332   38.38851727   37.25934857   36.61254007
   38.41065902   42.30135702   45.90034288   45.40899826   44.8685758
   41.50715283   50.4322376    50.42920626   48.91464908   45.99584371
   53.97499995   49.39702254   51.26132522   49.61194391   57.71090087
   56.25196541   60.73415937   55.93736717   59.41897305   63.2299906
   59.09411921   58.63441157   57.28894789   66.86276631   63.47800132
   68.07621221   64.57972058   63.71651276   71.65017358   73.16717114
   67.49287985   72.26725196   74.79725804   77.38241489   70.80441391
   77.70840345   74.19340703   77.99830483   81.70427196   80.51057262
   80.30642138   79.05375717   82.15578773   87.32070065   85.03481922
   83.3694647    86.15985453   83.35663308   88.17741306   89.67032498
   87.51031875   95.91926003   93.28167589   89.51872227   92.23839473
   96.80088603   96.62429335   92.11630724   95.75350096   96.6397783
  101.53949564  103.13878148  104.2436208   107.04921009  101.44552254
  105.11090841  103.74787545  103.77603788  106.00595848  108.61729828
  109.20429195  106.30988197  112.20179454  115.6255558   114.91207228
  117.51539615  118.64945839  119.668166    121.20160557  117.57407636
  118.26582122  125.95990055  119.51495554  119.43297672  125.11714331
  120.96381317  121.13078369  131.99564939  126.5962337   126.68089151]

[[ 1.        0.067732]
 [ 1.        0.42781 ]
 [ 1.        0.995731]
 [ 1.        0.738336]
 [ 1.        0.981083]
 [ 1.        0.526171]
 [ 1.        0.378887]
 [ 1.        0.033859]
 [ 1.        0.132791]
 [ 1.        0.138306]
 [ 1.        0.247809]
 [ 1.        0.64827 ]
 [ 1.        0.731209]
 [ 1.        0.236833]
 [ 1.        0.969788]
 [ 1.        0.607492]
 [ 1.        0.358622]
 [ 1.        0.147846]
 [ 1.        0.63782 ]
 [ 1.        0.230372]
 [ 1.        0.070237]
 [ 1.        0.067154]
 [ 1.        0.925577]
 [ 1.        0.717733]
 [ 1.        0.015371]
 [ 1.        0.33507 ]
 [ 1.        0.040486]
 [ 1.        0.212575]
 [ 1.        0.617218]
 [ 1.        0.541196]
 [ 1.        0.045353]
 [ 1.        0.126762]
 [ 1.        0.556486]
 [ 1.        0.901144]
 [ 1.        0.958476]
 [ 1.        0.274561]
 [ 1.        0.394396]
 [ 1.        0.87248 ]
 [ 1.        0.409932]
 [ 1.        0.908969]
 [ 1.        0.166819]
 [ 1.        0.665016]
 [ 1.        0.263727]
 [ 1.        0.231214]
 [ 1.        0.552928]
 [ 1.        0.047744]
 [ 1.        0.365746]
 [ 1.        0.495002]
 [ 1.        0.493466]
 [ 1.        0.792101]
 [ 1.        0.76966 ]
 [ 1.        0.251821]
 [ 1.        0.181951]
 [ 1.        0.808177]
 [ 1.        0.334116]
 [ 1.        0.33863 ]
 [ 1.        0.452584]
 [ 1.        0.69477 ]
 [ 1.        0.590902]
 [ 1.        0.307928]
 [ 1.        0.148364]
 [ 1.        0.70218 ]
 [ 1.        0.721544]
 [ 1.        0.666886]
 [ 1.        0.124931]
 [ 1.        0.618286]
 [ 1.        0.381086]
 [ 1.        0.385643]
 [ 1.        0.777175]
 [ 1.        0.116089]
 [ 1.        0.115487]
 [ 1.        0.66351 ]
 [ 1.        0.254884]
 [ 1.        0.993888]
 [ 1.        0.295434]
 [ 1.        0.952523]
 [ 1.        0.307047]
 [ 1.        0.277261]
 [ 1.        0.279101]
 [ 1.        0.175724]
 [ 1.        0.156383]
 [ 1.        0.733165]
 [ 1.        0.848142]
 [ 1.        0.771184]
 [ 1.        0.429492]
 [ 1.        0.162176]
 [ 1.        0.917064]
 [ 1.        0.315044]
 [ 1.        0.201473]
 [ 1.        0.297038]
 [ 1.        0.336647]
 [ 1.        0.666109]
 [ 1.        0.583888]
 [ 1.        0.085031]
 [ 1.        0.687006]
 [ 1.        0.949655]
 [ 1.        0.189912]
 [ 1.        0.844027]
 [ 1.        0.333288]
 [ 1.        0.427035]]
[ 3.176513  3.816464  4.550095  4.256571  4.560815  3.929515  3.52617
  3.156393  3.110301  3.149813  3.476346  4.119688  4.282233  3.486582
  4.655492  3.965162  3.5149    3.125947  4.094115  3.476039  3.21061
  3.190612  4.631504  4.29589   3.085028  3.44808   3.16744   3.364266
  3.993482  3.891471  3.143259  3.114204  3.851484  4.621899  4.580768
  3.620992  3.580501  4.618706  3.676867  4.641845  3.175939  4.26498
  3.558448  3.436632  3.831052  3.182853  3.498906  3.946833  3.900583
  4.238522  4.23308   3.521557  3.203344  4.278105  3.555705  3.502661
  3.859776  4.275956  3.916191  3.587961  3.183004  4.225236  4.231083
  4.240544  3.222372  4.021445  3.567479  3.56258   4.262059  3.208813
  3.169825  4.193949  3.491678  4.533306  3.550108  4.636427  3.557078
  3.552874  3.494159  3.206828  3.195266  4.221292  4.413372  4.184347
  3.742878  3.201878  4.648964  3.510117  3.274434  3.579622  3.489244
  4.237386  3.913749  3.22899   4.286286  4.628614  3.239536  4.457997
  3.513384  3.729674]